"id","businessName","website","contactName","contactEmail","phone","niche","location","service","leadScore","mode","suggestedOffer","detectedProblems","suggestedImprovements","outreachSubject","outreachEmail","followUpEmail"
"1","City Bowl Urban dentist Partners","https://www.dentists339.com","Morgan","hello@dentists339.com","+1-555-747-3899","dentists","Cape Town","website redesign","56","deep","website redesign + Conversion Optimization Retainer for dentists","Inconsistent dentists lead flow across online channels | Messaging does not clearly position website redesign | No strong conversion path from website visitors to booked calls | Local search visibility is weak for high-intent queries | Follow-up cadence likely too slow to recover warm prospects","Launch a localized offer page targeting Cape Town | Implement clear CTA flow focused on website redesign | Add 3-step outreach + follow-up sequence for unresponsive prospects | Create segmented messaging for new vs returning prospects","City Bowl Urban dentist Partners: quick website redesign idea for Cape Town","Hi Morgan,

I came across City Bowl Urban dentist Partners and noticed opportunities around inconsistent dentists lead flow across online channels.
I help dentists businesses improve results with website redesign.

If helpful, I can send a short plan with 3 practical fixes tailored for City Bowl Urban dentist Partners.

Best,
[Your Name]","Hi Morgan,

Quick follow-up on my note about website redesign for City Bowl Urban dentist Partners.
Happy to share a concise action plan you can review in 5 minutes.

Would you like me to send it?

Best,
[Your Name]"
"2","Sea Point Prime dentist Studio","https://www.dentists376.com","Alex","hello@dentists376.com","+1-555-784-4528","dentists","Cape Town","website redesign","67","deep","website redesign + Conversion Optimization Retainer for dentists","Inconsistent dentists lead flow across online channels | Messaging does not clearly position website redesign | No strong conversion path from website visitors to booked calls | Local search visibility is weak for high-intent queries | Follow-up cadence likely too slow to recover warm prospects","Launch a localized offer page targeting Cape Town | Implement clear CTA flow focused on website redesign | Add 3-step outreach + follow-up sequence for unresponsive prospects | Create segmented messaging for new vs returning prospects","Sea Point Prime dentist Studio: quick website redesign idea for Cape Town","Hi Alex,

I came across Sea Point Prime dentist Studio and noticed opportunities around inconsistent dentists lead flow across online channels.
I help dentists businesses improve results with website redesign.

If helpful, I can send a short plan with 3 practical fixes tailored for Sea Point Prime dentist Studio.

Best,
[Your Name]","Hi Alex,

Quick follow-up on my note about website redesign for Sea Point Prime dentist Studio.
Happy to share a concise action plan you can review in 5 minutes.

Would you like me to send it?

Best,
[Your Name]"
"3","City Bowl Trusted dentist Solutions","https://www.dentists413.com","Taylor","hello@dentists413.com","+1-555-821-5157","dentists","Cape Town","website redesign","78","deep","website redesign + Conversion Optimization Retainer for dentists","Inconsistent dentists lead flow across online channels | Messaging does not clearly position website redesign | No strong conversion path from website visitors to booked calls | Local search visibility is weak for high-intent queries | Follow-up cadence likely too slow to recover warm prospects","Launch a localized offer page targeting Cape Town | Implement clear CTA flow focused on website redesign | Add 3-step outreach + follow-up sequence for unresponsive prospects | Create segmented messaging for new vs returning prospects","City Bowl Trusted dentist Solutions: quick website redesign idea for Cape Town","Hi Taylor,

I came across City Bowl Trusted dentist Solutions and noticed opportunities around inconsistent dentists lead flow across online channels.
I help dentists businesses improve results with website redesign.

If helpful, I can send a short plan with 3 practical fixes tailored for City Bowl Trusted dentist Solutions.

Best,
[Your Name]","Hi Taylor,

Quick follow-up on my note about website redesign for City Bowl Trusted dentist Solutions.
Happy to share a concise action plan you can review in 5 minutes.

Would you like me to send it?

Best,
[Your Name]"
"4","Sea Point Blue dentist Experts","https://www.dentists450.com","Jamie","hello@dentists450.com","+1-555-858-5786","dentists","Cape Town","website redesign","66","deep","website redesign + Conversion Optimization Retainer for dentists","Inconsistent dentists lead flow across online channels | Messaging does not clearly position website redesign | No strong conversion path from website visitors to booked calls | Local search visibility is weak for high-intent queries | Follow-up cadence likely too slow to recover warm prospects","Launch a localized offer page targeting Cape Town | Implement clear CTA flow focused on website redesign | Add 3-step outreach + follow-up sequence for unresponsive prospects | Create segmented messaging for new vs returning prospects","Sea Point Blue dentist Experts: quick website redesign idea for Cape Town","Hi Jamie,

I came across Sea Point Blue dentist Experts and noticed opportunities around inconsistent dentists lead flow across online channels.
I help dentists businesses improve results with website redesign.

If helpful, I can send a short plan with 3 practical fixes tailored for Sea Point Blue dentist Experts.

Best,
[Your Name]","Hi Jamie,

Quick follow-up on my note about website redesign for Sea Point Blue dentist Experts.
Happy to share a concise action plan you can review in 5 minutes.

Would you like me to send it?

Best,
[Your Name]"
"5","City Bowl Beacon dentist Hub","https://www.dentists487.com","Sam","hello@dentists487.com","+1-555-895-6415","dentists","Cape Town","website redesign","77","deep","website redesign + Conversion Optimization Retainer for dentists","Inconsistent dentists lead flow across online channels | Messaging does not clearly position website redesign | No strong conversion path from website visitors to booked calls | Local search visibility is weak for high-intent queries | Follow-up cadence likely too slow to recover warm prospects","Launch a localized offer page targeting Cape Town | Implement clear CTA flow focused on website redesign | Add 3-step outreach + follow-up sequence for unresponsive prospects | Create segmented messaging for new vs returning prospects","City Bowl Beacon dentist Hub: quick website redesign idea for Cape Town","Hi Sam,

I came across City Bowl Beacon dentist Hub and noticed opportunities around inconsistent dentists lead flow across online channels.
I help dentists businesses improve results with website redesign.

If helpful, I can send a short plan with 3 practical fixes tailored for City Bowl Beacon dentist Hub.

Best,
[Your Name]","Hi Sam,

Quick follow-up on my note about website redesign for City Bowl Beacon dentist Hub.
Happy to share a concise action plan you can review in 5 minutes.

Would you like me to send it?

Best,
[Your Name]"